      r	      	      Kf	         Km           Ky               Kz	          PSI
  0.10000000        20.000000        20.000000        20.000000        20.000000       0.78539816E-02 
  0.10000000        20.000000        70.000000        69.393014        69.607301       0.78539816E-02 
  0.10000000        20.000000        120.00000        118.66383        119.21460       0.78539816E-02 
  0.10000000        20.000000        170.00000        167.90907        168.82190       0.78539816E-02 
  0.10000000        70.000000        20.000000        20.174958        20.392699       0.78539816E-02 
  0.10000000        70.000000        70.000000        70.000000        70.000000       0.78539816E-02 
  0.10000000        70.000000        120.00000        119.50597        119.60730       0.78539816E-02 
  0.10000000        70.000000        170.00000        168.89320        169.21460       0.78539816E-02 
  0.10000000        120.00000        20.000000        20.225230        20.785398       0.78539816E-02 
  0.10000000        120.00000        70.000000        70.289389        70.392699       0.78539816E-02 
  0.10000000        120.00000        120.00000        120.00000        120.00000       0.78539816E-02 
  0.10000000        120.00000        170.00000        169.54113        169.60730       0.78539816E-02 
  0.10000000        170.00000        20.000000        20.249088        21.178097       0.78539816E-02 
  0.10000000        170.00000        70.000000        70.458758        70.785398       0.78539816E-02 
  0.10000000        170.00000        120.00000        120.32479        120.39270       0.78539816E-02 
  0.10000000        170.00000        170.00000        170.00000        170.00000       0.78539816E-02 
  0.20000000        20.000000        20.000000        20.000000        20.000000       0.31415927E-01 
  0.20000000        20.000000        70.000000        67.600000        68.429204       0.31415927E-01 
  0.20000000        20.000000        120.00000        114.73601        116.85841       0.31415927E-01 
  0.20000000        20.000000        170.00000        161.77670        165.28761       0.31415927E-01 
  0.20000000        70.000000        20.000000        20.710080        21.570796       0.31415927E-01 
  0.20000000        70.000000        70.000000        70.000000        70.000000       0.31415927E-01 
  0.20000000        70.000000        120.00000        118.03337        118.42920       0.31415927E-01 
  0.20000000        70.000000        170.00000        165.60974        166.85841       0.31415927E-01 
  0.20000000        120.00000        20.000000        20.917618        23.141593       0.31415927E-01 
  0.20000000        120.00000        70.000000        71.166332        71.570796       0.31415927E-01 
  0.20000000        120.00000        120.00000        120.00000        120.00000       0.31415927E-01 
  0.20000000        120.00000        170.00000        168.16947        168.42920       0.31415927E-01 
  0.20000000        170.00000        20.000000        21.016667        24.712389       0.31415927E-01 
  0.20000000        170.00000        70.000000        71.855718        73.141593       0.31415927E-01 
  0.20000000        170.00000        120.00000        121.30621        121.57080       0.31415927E-01 
  0.20000000        170.00000        170.00000        170.00000        170.00000       0.31415927E-01 
  0.30000000        20.000000        20.000000        20.000000        20.000000       0.70685835E-01 
  0.30000000        20.000000        70.000000        64.711505        66.465708       0.70685835E-01 
  0.30000000        20.000000        120.00000        108.46821        112.93142       0.70685835E-01 
  0.30000000        20.000000        170.00000        152.03452        159.39712       0.70685835E-01 
  0.30000000        70.000000        20.000000        21.634526        23.534292       0.70685835E-01 
  0.30000000        70.000000        70.000000        70.000000        70.000000       0.70685835E-01 
  0.30000000        70.000000        120.00000        115.61845        116.46571       0.70685835E-01 
  0.30000000        70.000000        170.00000        160.27553        162.93142       0.70685835E-01 
  0.30000000        120.00000        20.000000        22.126371        27.068583       0.70685835E-01 
  0.30000000        120.00000        70.000000        72.652796        73.534292       0.70685835E-01 
  0.30000000        120.00000        120.00000        120.00000        120.00000       0.70685835E-01 
  0.30000000        120.00000        170.00000        165.90745        166.46571       0.70685835E-01 
  0.30000000        170.00000        20.000000        22.363431        30.602875       0.70685835E-01 
  0.30000000        170.00000        70.000000        74.247224        77.068583       0.70685835E-01 
  0.30000000        170.00000        120.00000        122.96015        123.53429       0.70685835E-01 
  0.30000000        170.00000        170.00000        170.00000        170.00000       0.70685835E-01 
  0.40000000        20.000000        20.000000        20.000000        20.000000       0.12566371     
  0.40000000        20.000000        70.000000        60.865315        63.716815       0.12566371     
  0.40000000        20.000000        120.00000        100.23466        107.43363       0.12566371     
  0.40000000        20.000000        170.00000        139.31742        151.15044       0.12566371     
  0.40000000        70.000000        20.000000        23.001682        26.283185       0.12566371     
  0.40000000        70.000000        70.000000        70.000000        70.000000       0.12566371     
  0.40000000        70.000000        120.00000        112.31866        113.71681       0.12566371     
  0.40000000        70.000000        170.00000        153.08604        157.43363       0.12566371     
  0.40000000        120.00000        20.000000        23.943946        32.566371       0.12566371     
  0.40000000        120.00000        70.000000        74.787270        76.283185       0.12566371     
  0.40000000        120.00000        120.00000        120.00000        120.00000       0.12566371     
  0.40000000        120.00000        170.00000        162.79093        163.71681       0.12566371     
  0.40000000        170.00000        20.000000        24.404865        38.849556       0.12566371     
  0.40000000        170.00000        70.000000        77.734208        82.566371       0.12566371     
  0.40000000        170.00000        120.00000        125.31415        126.28319       0.12566371     
  0.40000000        170.00000        170.00000        170.00000        170.00000       0.12566371     
  0.50000000        20.000000        20.000000        20.000000        20.000000       0.19634954     
  0.50000000        20.000000        70.000000        56.229918        60.182523       0.19634954     
  0.50000000        20.000000        120.00000        90.476912        100.36505       0.19634954     
  0.50000000        20.000000        170.00000        124.36201        140.54757       0.19634954     
  0.50000000        70.000000        20.000000        24.897883        29.817477       0.19634954     
  0.50000000        70.000000        70.000000        70.000000        70.000000       0.19634954     
  0.50000000        70.000000        120.00000        108.20900        110.18252       0.19634954     
  0.50000000        70.000000        170.00000        144.28790        150.36505       0.19634954     
  0.50000000        120.00000        20.000000        26.526291        39.634954       0.19634954     
  0.50000000        120.00000        70.000000        77.627630        79.817477       0.19634954     
  0.50000000        120.00000        120.00000        120.00000        120.00000       0.19634954     
  0.50000000        120.00000        170.00000        158.86763        160.18252       0.19634954     
  0.50000000        170.00000        20.000000        27.339775        49.452431       0.19634954     
  0.50000000        170.00000        70.000000        82.474191        89.634954       0.19634954     
  0.50000000        170.00000        120.00000        128.40884        129.81748       0.19634954     
  0.50000000        170.00000        170.00000        170.00000        170.00000       0.19634954     
  0.60000000        20.000000        20.000000        20.000000        20.000000       0.28274334     
  0.60000000        20.000000        70.000000        50.985497        55.862833       0.28274334     
  0.60000000        20.000000        120.00000        79.642884        91.725666       0.28274334     
  0.60000000        20.000000        170.00000        107.89713        127.58850       0.28274334     
  0.60000000        70.000000        20.000000        27.458952        34.137167       0.28274334     
  0.60000000        70.000000        70.000000        70.000000        70.000000       0.28274334     
  0.60000000        70.000000        120.00000        103.37813        105.86283       0.28274334     
  0.60000000        70.000000        170.00000        134.15754        141.72567       0.28274334     
  0.60000000        120.00000        20.000000        30.134820        48.274334       0.28274334     
  0.60000000        120.00000        70.000000        81.255205        84.137167       0.28274334     
  0.60000000        120.00000        120.00000        120.00000        120.00000       0.28274334     
  0.60000000        120.00000        170.00000        154.19591        155.86283       0.28274334     
  0.60000000        170.00000        20.000000        31.511883        62.411501       0.28274334     
  0.60000000        170.00000        70.000000        88.701978        98.274334       0.28274334     
  0.60000000        170.00000        120.00000        132.29930        134.13717       0.28274334     
  0.60000000        170.00000        170.00000        170.00000        170.00000       0.28274334     
  0.70000000        20.000000        20.000000        20.000000        20.000000       0.38484510     
  0.70000000        20.000000        70.000000        45.298565        50.757745       0.38484510     
  0.70000000        20.000000        120.00000        68.113746        81.515490       0.38484510     
  0.70000000        20.000000        170.00000        90.518374        112.27323       0.38484510     
  0.70000000        70.000000        20.000000        30.906226        39.242255       0.38484510     
  0.70000000        70.000000        70.000000        70.000000        70.000000       0.38484510     
  0.70000000        70.000000        120.00000        97.920584        100.75774       0.38484510     
  0.70000000        70.000000        170.00000        122.96871        131.51549       0.38484510     
  0.70000000        120.00000        20.000000        35.235510        58.484510       0.38484510     
  0.70000000        120.00000        70.000000        85.783905        89.242255       0.38484510     
  0.70000000        120.00000        120.00000        120.00000        120.00000       0.38484510     
  0.70000000        120.00000        170.00000        148.84059        150.75774       0.38484510     
  0.70000000        170.00000        20.000000        37.561876        77.726765       0.38484510     
  0.70000000        170.00000        70.000000        96.772876        108.48451       0.38484510     
  0.70000000        170.00000        120.00000        137.05946        139.24226       0.38484510     
  0.70000000        170.00000        170.00000        170.00000        170.00000       0.38484510     
  0.80000000        20.000000        20.000000        20.000000        20.000000       0.50265482     
  0.80000000        20.000000        70.000000        39.294108        44.867259       0.50265482     
  0.80000000        20.000000        120.00000        56.125506        69.734518       0.50265482     
  0.80000000        20.000000        170.00000        72.554971        94.601776       0.50265482     
  0.80000000        70.000000        20.000000        35.628929        45.132741       0.50265482     
  0.80000000        70.000000        70.000000        70.000000        70.000000       0.50265482     
  0.80000000        70.000000        120.00000        91.929025        94.867259       0.50265482     
  0.80000000        70.000000        170.00000        110.95687        119.73452       0.50265482     
  0.80000000        120.00000        20.000000        42.761681        70.265482       0.50265482     
  0.80000000        120.00000        70.000000        91.374936        95.132741       0.50265482     
  0.80000000        120.00000        120.00000        120.00000        120.00000       0.50265482     
  0.80000000        120.00000        170.00000        142.86997        144.86726       0.50265482     
  0.80000000        170.00000        20.000000        46.861540        95.398224       0.50265482     
  0.80000000        170.00000        70.000000        107.24917        120.26548       0.50265482     
  0.80000000        170.00000        120.00000        142.78724        145.13274       0.50265482     
  0.80000000        170.00000        170.00000        170.00000        170.00000       0.50265482     
  0.90000000        20.000000        20.000000        20.000000        20.000000       0.63617251     
  0.90000000        20.000000        70.000000        33.010131        38.191374       0.63617251     
  0.90000000        20.000000        120.00000        43.634904        56.382749       0.63617251     
  0.90000000        20.000000        170.00000        53.832084        74.574123       0.63617251     
  0.90000000        70.000000        20.000000        42.411408        51.808626       0.63617251     
  0.90000000        70.000000        70.000000        70.000000        70.000000       0.63617251     
  0.90000000        70.000000        120.00000        85.479390        88.191374       0.63617251     
  0.90000000        70.000000        170.00000        98.259816        106.38275       0.63617251     
  0.90000000        120.00000        20.000000        55.002272        83.617251       0.63617251     
  0.90000000        120.00000        70.000000        98.269391        101.80863       0.63617251     
  0.90000000        120.00000        120.00000        120.00000        120.00000       0.63617251     
  0.90000000        120.00000        170.00000        136.34812        138.19137       0.63617251     
  0.90000000        170.00000        20.000000        63.159998        115.42588       0.63617251     
  0.90000000        170.00000        70.000000        121.10778        133.61725       0.63617251     
  0.90000000        170.00000        120.00000        149.61708        151.80863       0.63617251     
  0.90000000        170.00000        170.00000        170.00000        170.00000       0.63617251     
